73
68
18
47
48
55
68
25
9
72
88
40
25
70
67
56
2
32
41
45
63
85
40
58
100
24
86
69
97
3
76
59
25
79
51
18
31
41
13
94
97
97
24
90
32
50
60
49
48
50
80
66
24
100
32
49
49
24
23
5
1
40
85
46
36
95
66
74
28
30
35
36
28
75
98
26
28
22
2
66
17
51
12
44
70
18
67
67
77
89
87
67
72
43
54
18
41
86
10
89
53
87
15
72
86
60
18
46
73
53
86
7
57
91
43
13
37
97
2
72
62
17
1
16
43
10
17
67
68
21
87
42
15
19
37
3
56
58
23
31
45
1
42
14
65
77
1
13
55
47
94
58
35
60
91
71
86
48
33
69
52
18
16
74
20
7
54
67
5
24
94
85
85
60
69
31
39
91
87
96
8
33
88
49
72
79
24
4
73
93
70
42
54
28
95
8
1
93
38
19
37
54
81
21
21
65
21
80
99
62
51
1
85
59
43
43
9
20
37
78
72
78
81
59
58
4
39
16
25
76
83
80
9
33
36
73
77
56
25
78
2
30
95
55
61
46
16
97
75
52
98
36
66
54
67
57
52
36
57
28
69
1
88
25
8
18
39
41
92
15
34
46
84
59
58
45
98
21
52
88
74
20
57
49
97
79
41
77
61
69
56
97
36
61
68
54
55
65
97
30
81
56
77
15
66
67
64
1
43
18
87
39
32
31
17
34
48
21
62
28
67
96
72
50
70
18
92
51
56
91
71
14
42
29
32
66
20
78
73
15
10
68
40
52
16
49
76
31
15
50
84
43
43
22
50
23
80
20
11
37
96
65
53
46
25
44
17
72
40
93
43
24
21
59
42
55
71
60
92
10
25
41
13
72
63
65
70
6
62
48
77
24
71
59
66
19
97
95
56
91
66
9
25
16
11
84
70
48
72
9
99
49
33
85
73
22
78
50
46
69
20
100
99
25
81
94
61
87
9
42
74
68
6
90
97
95
82
40
45
83
34
49
19
1
85
30
39
60
16
86
27
19
96
22
75
92
19
17
90
92
53
80
24
23
86
22
64
78
72
64
12
71
95
24
76
33
70
68
81
34
55
86
46
100
84
13
26
12
26
13
51
2
62
78
51
63
58
35
45
55
5
19
55
75
7
42
14
16
63
60
28
40
76
97
45
23
74
58
100
74
48
61
36
38
52
51
73
46
61
87
34
40
86
91
13
73
11
80
96
45
29
24
71
82
96
23
16
85
22
68
6
65
42
48
18
65
18
80
16
78
13
100
68
36
33
32
34
24
55
6
49
81
47
17
75
21
22
89
32
29
46
82
17
45
19
53
23
80
39
62
95
46
34
47
24
51
57
94
94
67
18
73
99
11
14
20
41
95
71
79
43
20
39
4
20
3
85
32
65
29
80
63
44
96
16
34
5
8
76
53
58
52
20
32
64
2
29
88
90
83
10
34
79
40
60
83
68
33
86
35
40
38
50
62
33
79
7
22
23
95
75
41
82
28
74
46
76
81
83
2
97
86
48
22
25
88
91
27
68
32
38
52
69
91
28
35
1
36
57
66
72
72
70
52
26
94
72
4
74
92
79
27
41
45
65
10
7
99
25
51
20
87
93
64
84
71
31
21
3
43
18
25
83
17
24
25
66
41
80
88
16
75
57
63
34
6
26
15
48
2
90
94
33
70
54
14
16
46
7
15
1
65
65
70
32
21
41
90
16
36
63
55
22
61
30
30
41
88
49
82
82
46
25
53
79
40
76
92
49
51
93
53
32
44
52
15
79
45
73
17
76
5
45
98
63
93
2
8
34
65
55
41
58
27
74
82
62
29
45
57
61
55
72
19
66
9
100
45
90
43
81
79
40
21
96
39
79
48
92
12
37
27
6
44
36
71
35
35
92
26
98
35
70
90
68
37
97
27
47
11
57
11
60
26
82
74
32
64
79
53
28
97
37
87
4
82
17
49
100
29
23
92
48
24
35
28
36
6
42
33
38
85
1
95
55
75
93
4
70
86
11
92
20
67
31
23
32
80
24
72
40
77
24
4
19
44
18
8
18
6
54
45
33
64
44
71
4
46
65
43
3
51
91
7
30
32
28
68
70
96
6
33
42
61
12
40
25
91
86
77
41
39
7
75
91
9
81
46
26
14
89
20
38
76
49
39
94
12
6
33
29
50
31
5
41
88
55
72
68
10
32
10
45
41
88
27
75
2
57
44
50
47
17
16
97
75
55
83
68
19
1
20
65
83
83
44
64
26
94
29